Ah:63083.88180088164
Amt:315419.40900440817
L:627505.5087463557
taper_rate:3.1872230157718362e-06
